D:\PycharmProjects\Bootcamp\Scripts\python.exe C:/Users/ilyas/PycharmProjects/Bootcamp/algorithms/merge_sort.py
[6568, 7068, 9072, 11602, 29712, 29796, 30720, 30925, 35714, 37080, 37084, 38219, 39409, 39462, 40436, 43464, 43850, 44291, 44420, 45449, 49064, 50636, 55953, 56149, 59209, 59622, 59733, 67221, 70767, 75849, 76708, 77942, 78827, 81381, 84878, 89667, 90367, 90686, 91321, 93034, 93217, 94371, 96599, 96973, 117917, 122213, 125761, 126196, 126908, 129355, 130373, 132716, 134435, 135511, 136822, 137025, 137799, 143580, 143630, 144342, 145736, 151037, 153544, 160275, 162274, 165972, 168065, 170091, 170391, 171339, 182098, 189864, 193605, 201954, 203576, 204650, 206087, 206316, 207557, 208321, 208753, 210450, 211411, 216294, 217853, 218401, 221490, 222749, 225124, 226478, 229879, 238453, 238650, 251411, 254056, 254920, 257024, 258893, 259614, 261547, 261620, 265476, 267157, 267796, 272205, 282604, 286863, 290100, 290413, 292849, 292917, 296494, 299011, 309239, 312872, 313399, 315850, 316699, 317259, 326953, 329693, 336199, 339678, 341450, 342141, 342390, 342587, 342596, 343569, 347001, 348016, 350065, 353343, 355920, 364347, 367196, 368766, 369807, 374368, 374791, 376364, 380435, 381319, 383516, 383623, 391105, 392336, 392801, 395402, 396119, 398113, 401462, 403494, 405294, 410424, 411884, 415824, 416025, 416872, 435258, 437561, 444075, 450072, 452257, 453552, 453883, 455606, 458051, 458088, 459133, 463846, 464628, 466297, 469826, 470233, 472836, 473283, 478764, 483775, 488536, 492852, 493936, 494274, 494662, 494867, 495722, 497819, 499992, 501635, 504266, 504992, 505352, 505761, 506434, 507432, 507961, 510252, 514594, 514875, 516409, 517469, 518447, 523820, 526824, 526994, 534712, 538211, 546647, 550653, 551947, 555296, 558480, 565149, 566550, 566988, 567040, 568461, 570313, 583498, 595552, 598829, 599021, 599476, 600071, 601758, 602011, 605074, 605514, 614123, 619050, 623470, 623901, 628702, 629805, 634671, 636343, 636855, 638817, 640684, 645802, 645936, 648801, 650464, 650475, 659937, 662322, 662397, 662794, 664373, 669521, 670280, 673181, 676927, 682949, 688821, 690159]
Bob 13
Kate 13
AK-47 13
Steven 45
Gay 45
Nata 77
Alex 88
Ilya 88

Process finished with exit code 0
